34558
28844
9780
15403
8350
36819
15697
4265
29463
82136
3306
7785
3271
4748
5792
5030
45078
26157
81705
5807
15410
69028
38149
37641
13376
39905
11434
18616
43116
46552
1743
34921
5548
29211
35565
63043
27272
7639
62450
43391
11681
1137
52114
19155
890
494
49589
6264
29284
80301
32056
22899
4010
2322
18958
6956
34166
3291
73057
66832
18584
590
11277
4046
33750
26144
17
4172
11638
411
90
3619
65738
91374
50668
51
1595
28175
32831
49819
24785
39389
2328
4674
92631
3235
78135
22390
61514
22623
54794
4942
1607
26618
28576
63193
2852
6551
2201
25883
9198
39711
800
5720
6203
13086
6861
4321
11771
15586
26360
14819
42077
44393
54008
30075
4788
18420
7074
34842
19164
5919
45180
68651
4917
22977
3316
49468
1334
22686
57177
4448
39099
7008
3317
8718
33344
10570
3301
71605
31197
3617
4537
3113
34935
3127
42154
4115
2904
9353
61496
61452
51140
18960
43994
12614
17364
2760
31445
19691
72828
51411
79253
48742
41513
30689
5969
14941
2938
35467
46046
71926
1819
18586
71761
654
26670
45698
15855
8771
16045
19216
318
5398
44534
9743
39287
2660
46426
8253
16655
44511
22479
236
473
26440
21264
38207
2469
36431
43885
3902
66908
878
9713
29370
36235
29958
16850
16044
10872
18198
21980
6529
59125
43389
16062
11320
9250
69850
35939
502
2655
8304
7926
22226
3377
56090
617
19675
14809
13603
22270
3385
30805
35781
11982
28729
12224
6460
25159
26302
60829
122
32598
22241
37993
33830
7523
37801
2057
18035
53306
37942
7183
5995
24035
37890
1490
33102
60226
14845
22790
40396
4746
29369
23359
54496
3304
1298
49545
10000
13455
25229
48
444
22241
45353
1512
28580
24876
60904
79720
17444
34102
3349
27349
2336
52739
34575
37558
8408
10698
112
21127
6925
164
36951
62176
48945
12937
3435
7285
13260
62331
1680
71991
3145
19353
37606
23030
1880
35236
11573
37020
10324
67035
12806
2095
47767
45799
14459
35767
34073
7348
34231
32587
38970
25037
76263
41151
8767
26057
14647
14688
6213
21791
71194
3276
12347
27483
36623
889
13120
22882
24483
30528
2758
5604
26329
32486
4559
21499
48287
430
17838
11315
2623
26187
18155
73981
13377
1413
1420
3387
5769
4048
10990
19734
9254
8955
45077
34629
17040
262
18472
32781
410
37835
15900
8728
41716
10237
19453
21169
7688
87323
8558
8562
78405
941
20283
11710
1367
36776
1843
1094
13642
34581
39649
46810
3018
90824
20842
5368
11446
25303
1126
26205
19141
17771
1083
39677
9227
861
27878
41238
73381
23846
7022
25339
33795
10690
25346
3442
28681
57583
7868
33768
29832
16338
778
75629
11047
43186
76151
60164
10601
42091
520
10166
9234
18504
19317
15706
6473
4002
21839
16835
48165
7939
6829
6574
13369
7341
55584
28037
10166
63112
449
34264
21710
34937
23851
76269
35893
9050
6599
6872
17415
2147
5070
650
23031
14077
64546
40565
1136
55208
8494
2523
31235
21377
8956
28546
49435
3646
640
19372
31181
3544
19826
14864
5042
51061
7027
41131
7416
14425
20250
6838
24550
6278
741
3750
4202
57
25138
8322
2751
82717
8570
30269
6794
6395
1547
74077
20378
1558
29322
5688
40192
60
463
19376
2906
3486
63546
11254
45934
14567
41584
14212
1420
14421
4644
59232
20280
24452
13809
8015
16786
3608
18797
3112
10784
72373
36034
22747
4631
9653
14484
383
5428
23118
24177
4598
35987
49918
16333
5194
75342
5339
87230
44500
34728
43360
27475
71174
1440
4194
36815
2208
58069
45116
17143
83400
29526
20941
28042
16239
2231
51406
43057
17285
5580
33314
62354
11522
22314
87307
15924
69203
22537
36049
11515
12869
3634
647
21993
4616
15345
1463
43778
50185
17271
62504
30008
63194
9326
5613
50618
1123
6092
10161
26561
17192
28284
52034
4028
52646
68321
1700
376
86811
1872
15747
11855
12785
68346
40094
9708
38940
6783
18048
571
38687
54710
12585
1590
69226
5998
21665
16664
42670
54568
15024
10678
58110
11065
59673
11526
4430
2372
51424
69208
27938
1327
9456
1145
56109
13006
157
68281
61879
14858
40841
75170
5036
51482
229
52512
2
13368
3094
44523
28970
4377
20226
35857
950
57283
5552
4307
69437
14440
45688
15599
37733
8143
26373
4509
9951
4291
405
42846
7636
4717
4620
2880
8248
40613
37706
1494
3739
76314
12723
2745
3741
11906
38047
21472
61342
37370
40523
11167
67561
3
21165
1056
34207
35618
23371
48964
14974
27525
35947
41245
15618
3792
9548
9154
43532
45788
35757
13043
5577
3514
81786
25092
27415
2335
76230
1245
56405
45554
33175
106
8894
15572
28200
561
26689
2428
46910
29291
14880
1732
13645
65126
51479
21863
68729
7136
4887
3218
13092
40388
27156
16528
39141
4192
11973
68687
15428
15289
20065
9437
38717
3560
34496
7622
39000
12623
9505
2964
8568
3292
17197
4035
2066
27400
1969
5389
8941
991
17515
633
29450
15928
65242
38973
342
6342
14245
9670
3283
3920
1628
54483
1680
4343
24590
4504
75
10551
24837
2767
3831
1
7331
24542
1482
47029
1618
55433
699
43584
1242
11412
11164
18991
5026
61316
198
16677
14544
12062
9164
33542
88197
36015
7897
11514
15728
4153
12385
20128
1774
8941
73181
2101
3441
4999
44979
49075
23463
23511
3288
23545
53596
7593
16994
1013
7453
15255
9683
34817
42211
11426
48403
2838
14053
3297
35159
34471
1671
24980
25266
48646
16693
15402
27297
2344
5042
31596
13364
12264
2577
29104
1472
34505
92645
21130
17131
70313
27516
14959
3162
2037
6959
7166
54904
22834
14016
21351
11408
45064
30239
45835
11631
1943
13617
30055
72383
9687
80132
4191
48186
48952
6170
8070
38691
69223
9404
42625
102
10150
29874
28469
20643
1177
58223
16242
52388
53730
15250
46791
17036
37276
73685
2864
51222
2219
15259
48
92821
47899
86253
11647
54774
24873
49794
8035
80720
48207
24537
5440
1556
2160
12916
22648
15291
50
522
90924
8494
66
16155
68257
8178
17404
36248
15665
72
14491
509
14710
17214
30681
21690
380
13912
797
23088
624
41625
7685
35299
30446
4178
48044
34545
37655
12487
48913
78902
2814
6701
46119
2520
18257
185
18778
7129
1361
10924
549
26410
56844
23768
15778
42974
28054
3651
38136
14668
29026
22844
58492
34641
18064
26627
4988
14741
9289
5748
26907
54019
70980
30167
4691
3752
6185
30938
40632
10062
24179
21287
163
75674
1918
75079
20779
26612
6992
36290
83112
30458
19138
8532
3598
25
13029
22316
50463
22542
69526
77895
82740
1292
9941
9366
12613
20535
11726
51380
68967
2544
20782
48491
13577
18518
3352
945
35714
18621
55006
55554
3951
12554
23001
4075
2878
13371
8565
10944
10296
45519
7494
33805
31920
6352
5463
53045
42931
22637
12352
4412
3337
8761
61399
5926
1750
25553
12870
2201
5889
3293
40407
484
5196
23146
31528
9182
5383
65090
24350
61315
35881
57508
55962
40360
18457
72217
25439
19806
44749
9469
30967
24124
11223
7003
53915
2150
1626
90926
1983
16184
1701
3602
12973
318
17769
19620
22457
44587
16991
49821
12943
12713
18499
8333
53535
3487
63924
12025
84961
62030
23160
15432
3918
13833
34146
54394
38089
9578
20324
39642
24201
30785
26362
38502
1693
14455
49
18406
60087
14943
1254
41641
6578
11236
10390
5229
423
87762
25171
75119
9853
8536
52659
10139
546
15601
49246
46755
81619
3727
34593
5804
79863
51529
1937
1018
40190
57128
82
17860
54212
42686
8811
440
4016
5754
3784
60923
41261
3743
21004
35444
15369
7782
11314
13399
3639
1338
54944
37873
38398
28802
76918
33302
9739
24539
18873
11476
782
41517
5196
5963
5072
64355
13224
3785
3981
225
69698
23688
68520
29224
21419
30421
49076
14110
6538
4053
2868
30272
19471
403
69948
33194
12227
35255
274
13185
41032
18338
51241
45547
424
2767
5996
51300
5906
64367
3883
12373
25890
37420
6741
38987
2273
51592
7693
15780
38167
2713
58435
5098
87
9623
1934
76243
60113
1074
16939
5481
33664
6787
8680
5605
46273
27574
31171
18046
7874
12107
44395
224
9171
11531
11799
27089
1179
37769
1404
3949
379
17281
37868
3650
53090
53818
20054
88130
18423
38563
59144
27045
44653
26541
62636
31544
16385
11896
3206
37
3727
11644
19529
10840
48829
2699
25774
19093
1756
2065
4505
599
30220
9445
24
13
6895
5398
4038
11358
68138
24268
2722
48633
856
45986
14138
20518
12094
53379
81637
6282
38937
10030
3593
76474
34863
337
44557
11089
14611
49894
22898
62624
50215
26256
17966
50879
8317
16191
7650
31460
1370
42584
16931
29610
35638
13017
5466
24172
8389
8827
262
65329
25077
3173
19783
20387
58801
29491
40843
25301
5449
42331
53012
13993
74699
65
50193
1488
80859
14988
6115
8305
59952
28207
2550
37510
27020
4735
13811
55892
6239
6060
28148
3834
21153
2893
20813
73990
23096
6397
11814
39866
12324
20455
247
64904
6252
16793
67017
30100
10817
13309
72307
11304
24745
5703
17288
2577
4457
39964
51982
414
67203
59043
75659
15964
33848
13046
42654
25625
60269
4233
3287
5633
69478
12002
28164
2981
841
10762
8087
18832
9625
46937
62501
3201
38627
63758
27285
767
9584
90705
58
21800
62375
14223
1138
47256
4419
3195
33752
18479
4098
16101
1371
1129
1352
55376
76603
48739
6175
28066
3658
42824
10835
2241
2192
7734
26929
24979
6771
5088
410
9466
56176
16830
3547
69614
1375
32436
25192
53082
2946
40102
1317
39964
17233
31337
45100
27341
13075
35326
23293
16852
21899
25702
42932
1091
2199
85464
38519
1297
47905
1979
8758
22692
14521
81407
56411
2906
20677
438
3510
5925
9977
2013
13176
33753
55843
6259
24723
30578
21582
423
7870
6422
6678
14342
1786
13380
13574
48928
465
9591
13942
32777
40273
250
73056
6331
21300
19592
19284
96091
9463
59236
4838
53671
25471
22018
1790
36187
12967
6758
45302
25846
17979
1351
8027
51801
19246
3620
80038
5096
14260
3360
3496
6379
8093
318
54809
12076
15801
9611
6418
19123
23021
37921
12685
38836
48621
39607
36768
68521
19540
1028
13834
17601
36842
8214
22738
36872
66335
1400
44922
322
71296
2126
4188
598
12665
13369
9709
26825
36744
10400
65391
1727
11374
23866
4651
9807
16546
38400
10660
11711
13575
32532
67804
100
41163
25791
4365
28819
36022
76656
13192
67133
37790
193
45940
15507
24680
14562
64402
57264
4372
5080
198
2422
2323
1576
6719
1877
58130
25091
19493
21379
63585
48753
31871
5688
9365
24417
1368
3088
29515
337
20756
58185
8951
28205
4860
44637
34069
35473
14348
7944
18738
10768
66
3645
3014
13278
5558
53402
28321
75960
80306
4530
8398
15347
17581
6376
21889
281
56440
8963
19990
21007
22716
122
13348
63958
5723
41478
1788
4325
32795
25095
10315
23713
15226
32327
48734
28297
31122
31944
46695
13331
69287
29673
12151
3031
3782
41424
78456
38099
36433
1531
52430
1227
48467
22786
9146
38082
35791
7972
3518
1877
7954
96596
12780
2731
29218
2770
10992
2309
22459
13591
64593
67138
22315
17232
17815
21641
66619
16942
1556
3905
39590
69081
51484
7926
25931
4285
8788
175
49945
1107
19214
2431
13770
34147
9675
15685
67728
10217
46552
1034
35019
4839
20188
437
35702
79787
67538
9
33985
16231
28147
25128
3009
50052
248
38754
53651
2295
5891
85252
1338
12835
46223
59524
12919
13759
36845
60622
86392
5392
10383
2523
10515
34068
18950
76376
2833
26326
5015
48363
17168
123
689
53309
612
44976
1880
47899
47229
49474
2395
67090
60642
71886
3928
1128
34999
2643
37882
15057
12299
49927
59079
14568
52431
8035
5417
12238
10655
23890
12844
11341
7336
8212
8314
20509
3712
3889
10591
52062
15375
47971
32077
84951
7444
1138
27977
326
42423
18677
36795
36795
43659
33298
882
7308
78988
16893
14735
36102
36933
50527
539
5998
30578
18309
6845
7919
14805
62738
240
17520
6716
12473
30211
2246
47702
18132
18908
22887
12830
64399
8939
92419
9969
11702
11622
21486
9745
38072
15393
16506
43279
29474
23253
28458
3998
27345
29366
62414
9603
3592
10650
16318
43441
33391
2764
605
3258
66768
40487
20010
55765
18381
28993
24155
7307
3448
16997
51613
3167
13275
21465
66342
944
3166
12185
8801
5481
515
4294
26202
40456
211
58025
4385
0
1301
17254
29138
2583
10833
19884
18340
58918
43236
30192
48442
11808
28497
27227
9182
1328
13374
66692
1875
5785
25006
15553
36978
24346
50125
17499
14689
37089
35307
78049
2674
19704
16211
9822
66577
17933
6589
17541
4051
25251
16052
6685
34004
29713
22393
6807
9509
4757
27089
8150
8363
1248
7154
9590
18721
18543
50370
5595
1447
23002
13817
7209
66682
639
17596
1847
17949
49003
32066
43346
4030
42575
9489
11259
5950
12140
44806
7128
7276
563
16723
6652
6095
48149
33802
13249
27317
12506
14617
78193
40200
56510
38214
43131
35152
2577
34854
61936
3110
45041
13348
86721
2817
4340
15661
884
6874
74268
9389
74453
6637
27942
7865
2661
53859
663
14882
8726
12437
5539
10644
33311
63756
31615
4735
10741
298
949
15742
54356
56859
12449
15903
7048
58482
35092
17760
18068
15279
2091
8809
28302
23008
9779
18188
44535
40126
12609
40196
6358
8288
11269
1740
21651
39360
15282
22030
52712
46270
47765
4550
63271
69082
34964
41372
39970
5513
62179
9035
55759
21019
33239
4343
8511
22515
50614
48629
56256
14474
16207
26845
18187
4602
27044
36257
65210
8164
614
11828
31665
929
31574
8378
6483
5666
14182
85079
1482
6107
17684
25720
3562
12161
45340
8560
75055
15606
14119
48152
42596
19932
415
41283
344
73126
6828
40844
21271
8229
22231
22696
5284
1067
845
9928
46365
76787
6553
11832
31286
307
1595
8078
1135
27920
7490
12391
5342
22577
16054
28844
4117
69151
37333
7816
2256
15365
10435
43968
1454
86713
34953
2150
13871
3749
26134
23602
1309
56664
10448
71995
10066
19778
3343
12158
689
91677
1985
1330
22839
48057
9727
11682
10124
76010
14970
5325
41493
24247
17513
6190
8693
29415
62126
464
15828
69609
22241
5173
39100
1080
20889
16816
40523
2528
24239
9737
41590
19412
13792
48196
9571
24026
9974
6443
6886
42173
47625
1403
24630
38959
3463
4267
4
46819
4151
1475
14850
22066
19392
32136
2592
15860
5645
36900
12849
39774
11913
8959
17388
13300
9613
6409
70918
37963
5570
2919
13426
4978
8704
79500
7263
5124
10614
9687
8075
1615
12297
6830
9200
25394
182
23203
29236
17891
77374
20876
52035
33039
655
4242
4029
275
47604
3321
594
13911
1676
15709
38311
52834
83600
22586
24707
50103
7939
43960
39383
35083
5752
35886
2511
6284
28690
63883
31350
24081
25903
3189
6596
10981
3579
685
21722
5108
40609
3587
9846
7208
35070
1559
20997
2830
14432
76115
37314
14293
57582
6029
21907
7005
48420
76315
15213
9205
39926
9219
33733
22502
51175
54270
3585
11624
11020
11609
77722
35369
54518
1203
21334
32837
49139
2733
24160
20741
5344
14113
52155
6629
34430
55921
7595
84913
35866
3296
19750
41858
22950
10853
58460
24652
15851
69622
7398
22584
5501
4253
33053
44247
254
23959
2794
44359
63234
29460
1815
29431
43175
33305
24587
10350
11426
15183
776
17311
5429
11396
12248
40132
33315
38776
22920
12598
15676
30698
20782
7033
19132
2058
13139
3982
8154
7158
39793
18028
33661
10593
12118
3143
55415
492
6192
34406
10859
20225
11362
8399
32789
39466
29991
1330
23366
1762
8188
1195
24925
36634
49906
2995
7100
78778
55565
549
42354
53120
669
16442
24270
1394
25239
8749
1557
10192
17905
8960
41272
5824
74183
1558
7993
424
47210
26476
12070
7301
49393
3403
8572
63781
29318
6296
31939
18446
14601
9326
890
70523
8628
38560
41428
7368
7446
24395
1402
6000
21964
5821
205
36217
37666
6248
13143
8396
76446
43796
6530
56871
12934
35775
21868
33812
12150
2518
61312
17017
5908
41343
2341
1583
53418
18519
115
41095
32455
27234
33880
27229
730
12927
213
6381
35565
10252
7991
48559
42876
43374
48823
29681
9557
6351
5817
7507
6913
12124
37742
79314
7331
35872
53235
81004
13627
5763
17052
6222
26118
16293
6293
15798
552
13889
52377
8152
22824
30475
2176
63708
30514
48999
71
50378
15245
15145
42783
39770
8655
36570
158
9803
6394
52056
30834
25255
59073
15422
102
99
44042
40268
51732
24284
66517
78223
42311
3712
38073
28527
10395
6445
9869
5095
37039
5857
26546
8202
7631
29127
31140
84706
27011
9555
38435
38
2353
1334
62084
23119
8242
77244
50628
22407
46710
51531
14114
32481
3866
17
15837
4875
19977
31990
62343
11161
20647
55842
2168
7305
21248
52655
8268
44627
199
7464
15299
607
5214
3982
13280
40692
6409
30818
40242
19688
69295
4331
87810
5748
8568
65159
17746
38282
32234
8014
17423
12297
17049
52896
157
14735
54883
85761
24339
31995
630
64147
5902
668
19919
21584
42256
31325
27024
16562
12647
715
36308
52694
40949
39352
31403
23852
33284
75119
39236
26389
5333
30116
314
3515
47828
4962
5208
264
68116
283
17470
30483
14944
14610
18963
47956
22745
24951
7239
7660
52515
23649
408
2448
66147
20260
5193
14169
34364
109
4561
2898
2941
11229
39563
8605
2058
25164
527
39612
12718
2443
18041
7220
15732
8125
1008
47762
5409
13927
33396
41847
54565
60996
1245
36643
1604
20161
41
14266
22227
22362
29980
78482
3894
45454
9115
13270
22030
45286
2125
30420
7699
1246
20229
25145
26597
1218
3493
41951
27516
3864
6653
2009
52892
5074
59968
1693
38226
5276
6032
65938
5067
15750
9791
22437
25256
70930
20933
5924
9025
10459
16937
16715
228
3466
25952
44379
1289
51910
22913
21937
6564
20884
4341
3939
10183
1001
37562
46921
27246
51134
19923
78533
33538
8288
3397
571
4111
16117
28746
2883
24189
49012
33157
84679
35665
16517
20285
8044
65857
5638
9810
32723
2855
6516
17795
13257
34070
84347
6613
47507
20448
57842
6620
21520
67012
19630
10742
5990
416
9497
17907
56004
22584
72183
21163
66759
29740
17549
38640
3410
82159
14792
17814
9546
4642
47619
47303
26338
51813
36026
15469
56449
10735
31968
615
66451
4238
52012
19994
56888
15816
33079
20887
19447
3992
21777
7727
60946
20980
39690
63221
52999
1238
2106
11678
19687
15951
5331
9615
11889
27087
9226
43499
38029
7121
7235
11914
18817
11470
59536
49529
41645
383
2327
1909
2540
27974
647
54720
28083
17749
42108
9243
17103
11120
1165
2776
15633
12448
52387
14735
50596
8223
488
47022
21535
464
6294
72902
5339
6666
8631
2570
8239
32371
5277
6567
6576
6425
8536
1678
875
37624
351
76143
3309
71484
7889
32170
38440
576
2293
37305
32418
5609
26728
40214
53835
18805
10694
46877
7773
5202
4083
25467
38399
57982
17198
11224
65769
16946
2505
3161
72091
25668
18286
24833
25257
35500
3548
29812
37071
41195
2836
26319
40743
18858
20743
25099
4768
2426
50037
51946
32627
2597
11279
5553
23650
655
84790
17133
16900
1057
10660
83179
15905
61
33990
75888
16916
22117
3142
81344
11945
47654
12047
32680
598
1199
4353
6833
259
20970
23172
54174
2373
7836
5691
675
37086
33743
37
6179
26569
61568
35786
6285
33425
808
43312
19459
67469
73608
988
5357
14511
32976
35684
44381
4904
33046
5966
1704
7915
9288
60582
23383
16442
14754
5541
5889
1422
13061
6290
61783
23830
14254
32994
17788
4888
37063
619
9344
6859
6061
11212
2993
33551
43895
4223
20421
65862
27927
4392
9668
26673
25728
26119
3370
3639
3627
31350
27836
34124
3447
34822
10345
9381
4953
35613
3794
113
690
15850
49086
58707
3926
17380
19287
54591
38210
39753
6755
47408
12687
13717
7671
8351
1406
8272
26906
47627
2050
60974
27439
41489
58169
1939
33112
4872
9316
25992
2226
22206
24418
24440
4965
68200
38503
79659
16081
2097
17623
30690
36171
11142
1424
9742
1880
7585
24797
18109
16354
19560
25490
7753
22565
13013
9429
11740
3338
2581
17714
33351
65613
882
16360
8025
53886
7322
8645
7680
42839
17652
274
7771
21475
36283
29047
40853
5747
1803
48464
7038
11744
7523
52211
10084
17192
35737
3892
4368
13227
29191
22924
40109
9947
4482
42261
2591
6740
619
17700
37326
28154
10493
57855
2664
3286
70381
1974
33855
12868
81562
5658
33478
338
21179
30638
41258
64951
1976
21264
9831
13971
8653
1195
7779
5958
6397
19223
13599
23325
7797
2078
45353
50442
10199
47246
24928
15451
57185
43713
4
266
12944
13159
41117
6475
50696
48906
1991
45708
6458
2415
23249
1202
24390
53004
6488
36641
74515
77295
5500
12285
305
364
20873
14990
30408
11970
14068
1821
598
18719
811
3716
66
12291
27259
63713
2213
46801
2059
391
13730
52317
1526
60532
20174
34764
1392
294
1594
4377
36602
3448
3738
65972
12848
10896
11970
14830
69496
45712
57436
21784
9781
7685
31630
51326
5398
4302
2376
8570
38267
168
4920
314
11924
25238
1130
5342
17184
5084
17951
9430
4
36461
1771
64787
58210
65160
26942
14562
53970
672
3428
9111
10448
7492
19471
2509
159
70046
11846
3836
697
5293
33757
37349
21885
29937
9145
41768
39009
6630
4799
4353
23844
8780
18287
4738
81544
11456
12942
27592
3095
71856
41493
7839
13443
496
20078
18908
52168
33747
22132
2655
29544
13245
8392
19269
73837
31057
10988
17862
10779
7661
12580
17552
52160
38409
5933
10187
40305
1850
8392
37701
43870
30205
28755
36473
1022
19499
37360
12537
46563
709
11797
56699
34529
15153
16614
25639
22803
10050
30654
16410
8319
51256
320
10498
51070
16874
78920
8681
4049
85226
6870
64029
37254
9978
39057
3163
1909
2240
10442
20478
44754
1922
15871
66024
38924
2726
14907
42907
1418
33186
2899
1385
22370
23533
7637
54094
29667
75563
5411
79055
13547
5958
41964
1553
58661
39217
4963
635
45976
52904
7343
37986
1997
8263
47259
40617
3997
28273
47289
29002
15035
5363
56571
28423
87710
13585
32183
28968
75251
4467
36418
22034
66647
579
1954
43761
24
810
37532
7302
12113
232
22771
54303
16641
34841
1072
1846
28707
60538
1594
4227
1070
26607
21142
76634
44459
8549
23143
5012
5930
28732
36127
19092
7989
69356
53493
7179
35321
6605
1814
7511
34812
29302
2243
1153
2758
30263
2939
11531
33280
4865
19880
31874
528
11045
5967
66309
27974
17563
52052
5183
30719
53743
19401
5094
15426
82444
533
16572
39080
7697
35440
28115
39294
3647
1973
21372
33672
30423
26183
12324
41128
506
44658
4713
1642
4421
9123
2044
23589
32253
39938
38956
7299
4375
2037
10486
247
6742
10389
73020
29890
50468
33976
18985
44014
23368
2955
23899
76421
11267
17561
5537
2333
24340
9507
5960
2560
495
134
29143
5379
57373
2048
13141
12298
40468
66179
62952
33430
17146
2874
1679
29908
33909
62669
12417
5328
5043
5571
10329
18001
4175
34827
21650
87069
11165
6865
1616
37543
39236
49036
64210
59741
3482
45658
338
9382
8140
57929
11935
31590
8076
24747
3870
18216
3170
12836
627
6413
21664
43028
7345
8622
58461
5850
12684
47441
2980
1358
3218
8713
49279
1032
23990
2620
31761
59892
21118
13609
12622
14972
8586
14953
2390
9328
41450
60182
992
37260
79766
11655
670
23133
15595
13340
19093
10334
73247
19709
22413
1103
8029
12190
12008
22343
15005
3773
205
37005
14629
30538
52811
3816
44912
3675
23821
71297
2326
16552
14241
3722
25721
58564
9851
69680
51151
39491
435
9138
34748
27682
8147
58947
68611
45189
11315
16350
23671
11808
37949
28113
11430
23590
4937
17634
7825
5358
87704
4593
12231
37230
344
68164
15327
15154
3036
74968
8778
4042
19315
16577
4195
73090
17951
31789
18947
31444
68039
72404
1911
3641
1040
14412
79085
218
24691
8579
75642
1392
12344
57538
24081
3189
85685
1901
30892
21602
25711
846
13230
61762
69591
67035
9189
78308
22890
35091
192
2234
88568
57451
3735
16427
4942
780
15335
831
1
973
2211
44551
2951
1928
882
39913
26070
47100
45323
18707
19181
30606
27887
900
48096
19890
8530
798
2535
33755
17305
666
308
1345
29991
9779
14384
40107
10552
49232
306
5747
166
7912
45084
14371
4082
3215
30865
92480
14590
2576
8338
40105
9751
6695
14153
562
95765
2680
21272
50855
1512
27540
4667
7852
3012
36072
5058
49
52988
13524
27535
7392
37872
2817
689
56226
2205
877
32026
28064
25756
5926
2226
14516
5981
2915
75088
36141
28149
21911
15225
6788
34375
26867
15409
25415
5444
1870
13244
2901
462
97
15876
60673
7690
13966
32104
11955
19585
6371
5368
728
86460
45264
81304
2545
19191
13614
43367
3161
28
31957
25270
6039
4411
15515
115
7913
26116
31009
7282
10515
6897
72135
44475
21682
1136
6947
966
16923
7740
4523
48516
1794
9041
39503
9898
54424
7272
2614
516
30557
18
4922
87534
1397
25086
5780
75017
36961
4448
13
8872
8361
34039
8494
23007
10950
4083
47043
12097
7317
37355
968
12317
65869
82969
18284
51953
12617
292
24409
1086
10078
7352
30462
39934
19598
8251
51403
30060
58909
61062
306
23260
54313
43670
67490
8763
3131
69208
4087
11087
59725
911
4757
17466
49582
6613
12945
23964
54877
18289
10649
6334
58184
1536
51432
242
26818
43071
6618
13651
28114
62012
45249
79111
29866
2122
18601
785
25301
77251
5823
56469
530
65764
40553
732
5353
928
3012
4928
1191
25072
11236
8000
56176
41497
2518
3199
32466
809
41036
4473
9461
40126
28755
176
6576
21459
14173
6854
31156
42783
38
10425
4686
7626
17872
7358
27647
72671
11928
66926
21600
16873
646
31461
51178
10985
5860
3652
6157
41549
37097
7181
18692
10968
16321
27995
6129
19746
79647
50715
3544
45024
3264
61257
48518
4433
10509
86025
29293
40819
16957
9798
40834
13407
54303
8390
2320
850
15514
37100
16466
45569
30223
56437
6468
11682
59997
3703
48757
12880
26275
8387
511
10391
39779
26039
32402
2530
1677
2236
363
23668
16915
70012
24806
1579
63187
4380
1743
23528
82073
13553
10134
70906
13768
4225
6063
519
16672
23521
25059
29326
22981
1449
6095
1046
17415
18650
13942
31897
19389
63682
16391
997
3275
3606
8790
27878
7984
79247
12157
369
6843
8009
66
67541
2901
15048
17137
40550
31065
13986
20079
30628
37373
10329
34468
1647
8428
27210
42721
4392
111
52142
21772
10605
4710
1939
1492
23617
7737
227
22714
309
52513
16241
22697
31918
43837
36693
24618
4392
32819
39341
2393
36311
2434
43644
79347
3205
15047
10411
37743
40097
4014
56264
60367
20984
12269
21207
62568
3080
6392
14429
4190
18435
42085
12607
5994
30328
12789
64
1058
2255
17877
31491
83548
24907
637
27940
56265
20048
10627
14994
64866
57167
929
18293
70340
54386
2351
4849
50017
23102
7777
25218
42667
53847
15524
5312
2444
44923
45887
12019
23163
17628
45355
24038
16584
2717
2521
12374
1541
65725
1839
25440
12940
9851
5431
4608
21995
4235
46880
10506
79697
3004
33293
7667
4465
51973
825
4316
29301
3381
32674
10379
14284
31339
23943
3990
2544
14462
50631
62700
31523
7357
24487
43263
47313
18725
57171
38798
9692
2472
27794
8745
1100
47818
4535
1694
26480
41396
353
14262
4990
22180
20371
18769
17108
68480
13321
52237
76003
23260
90399
865
34837
8730
63330
40
48422
47297
23412
54340
51254
12230
1926
41275
12211
456
38731
14530
1696
3511
3073
6036
15505
2345
2012
40411
91273
19800
28980
12625
8503
6246
20944
19712
6240
26903
40
1616
33965
2114
5840
7758
23522
74275
412
13251
27377
3769
32190
71679
21987
6250
44615
81918
921
6427
39700
17421
1246
36802
53959
29087
0
895
15312
26396
8006
5049
31895
44630
2098
5608
27214
85896
23965
7613
73427
5629
83552
4496
16899
55937
9580
600
6260
52058
40026
11959
10176
78198
10132
28884
69831
4730
802
81368
463
8299
60466
48819
81367
90902
33429
18975
7271
23227
7323
10243
75235
30593
10494
1038
70499
10750
72683
16631
2563
31603
15843
30601
10502
10499
32149
6469
21784
22636
4797
13310
22020
3318
82119
1413
15234
4672
38250
89269
12839
4817
1095
53166
56459
59866
27307
635
77258
39881
7039
52193
41116
14722
12008
40209
2066
4507
4509
28796
4917
37761
39719
63643
21405
11459
41743
19883
9577
26869
40703
45980
7505
19558
8213
32944
4845
17247
20760
642
44147
12527
34269
25358
4674
2487
10372
83
3387
1474
32363
750
1555
49020
7924
19923
8113
24443
1050
14530
28405
18650
26616
49652
43607
1251
18610
50153
41959
13131
52065
55954
74433
39571
1671
4699
17135
18921
7417
67964
3746
86001
31384
39885
13748
11892
5045
51610
16713
10409
29434
41396
49887
29844
73825
1787
1193
51108
2138
1103
9983
680
9226
74463
8508
392
32404
57798
1162
14245
37873
41723
89078
80966
56490
1500
11411
44988
1791
55226
60518
838
36734
56708
23357
39066
6320
12868
29992
1705
36193
73861
12586
11014
19724
37770
14570
60277
20727
10885
311
22626
60620
17109
23025
62545
13920
28046
3536
73912
8315
2933
84032
10374
6652
15363
47848
16677
37987
52890
35098
61541
1702
49101
10310
4123
15658
17217
56009
13302
3689
11429
1839
29142
444
62725
15683
37
376
2700
22109
27066
417
5194
1369
69472
1601
11165
24526
14332
74436
1980
47488
17554
11277
11150
8108
22085
10670
3865
8905
13134
11663
3654
62750
12961
23846
70910
18523
5911
1325
10946
12862
369
22267
18768
57635
15524
15697
60067
3731
20799
1085
8507
90256
11366
571
711
9513
847
2430
4640
6409
5922
15378
6392
18560
13213
48265
33062
1130
41414
37103
66397
38138
12798
58303
765
7729
19992
400
2840
536
26982
35323
23382
61120
9129
15
1879
38089
32385
7083
954
62702
56198
61424
13213
71239
13911
25247
502
305
1
19072
56159
628
56783
79406
13164
56321
1760
28283
11642
2008
5033
16625
21056
16234
16900
21390
45181
3026
15927
16166
5987
406
12217
19796
16842
37014
2751
49408
37663
93016
26262
98
7695
5937
9771
12546
19703
163
77351
2273
7680
63474
90379
1642
6387
79160
27706
10464
27507
71232
12652
76014
35721
6741
31105
20042
31728
60784
93522
18045
2876
50996
87055
1695
49879
7350
29698
41829
5633
36334
20854
23627
372
83470
3976
7733
4078
6221
26133
168
6288
47672
7068
4431
6268
41767
54249
28012
5837
20423
13721
18453
1607
57397
26144
71450
12498
59521
4899
39913
4042
380
22660
15049
38932
27003
44066
1300
37343
29293
65222
1131
4383
3736
56044
4025
610
40061
26403
67301
10938
2646
10662
23914
20210
40186
4817
12335
6814
4555
57838
9014
11161
185
43676
41415
33346
8169
580
14914
2901
1704
17246
8396
71430
4194
64
24811
59360
33054
63386
5297
59308
14786
13545
3410
1188
14775
7053
17101
21375
15008
6758
1570
201
35574
13628
11063
3371
16472
4565
33997
21756
28938
9195
36621
2711
21186
855
38679
33967
3413
52203
26832
56515
47034
8863
41094
1428
5270
18243
4744
20742
46797
10347
51626
48841
52566
11849
489
15205
76045
5398
84074
11121
17528
11438
4626
46345
18547
68348
11667
50153
10607
59489
14007
21727
11652
15339
42979
4607
8067
14946
26560
13519
8908
20581
15355
40302
3930
3685
44403
7566
17942
21132
24159
12926
1011
49589
54289
3402
69742
508
466
44471
36303
10563
33551
32091
6145
31253
60014
6805
64200
9828
4200
57493
59510
10000
3502
4371
175
2607
13587
11673
47564
43353
4480
18925
81487
31287
10752
2411
29392
41043
14712
14406
89859
27029
92422
11495
1657
4290
10745
66899
34197
25601
17105
48723
93075
17388
24749
1670
13625
7470
248
7420
21392
7813
35345
19863
8985
2424
6339
51696
313
11882
9
87207
53010
13192
9076
22062
3627
5919
28537
43705
47262
2004
23034
42
76024
2882
23132
2975
4341
27001
5044
17250
2855
19096
5309
6606
41661
18731
4
43786
46781
10843
22294
8067
65659
2853
890
35504
33321
11886
2466
13596
905
34076
26915
47305
9607
1432
6190
14929
14572
27614
2154
63400
12511
19012
75779
928
15758
31932
40005
29638
41576
1997
13069
1048
3400
11177
53389
31769
40914
3790
56464
16577
3040
38663
57277
71968
20397
7888
70415
17513
12483
11598
3775
36066
12915
647
10233
9847
9247
24186
38811
81720
39039
24593
64383
9790
31032
4812
696
45032
9480
167
15640
35274
46452
43528
20632
36046
17064
30588
29172
7801
7652
18687
40150
12755
33278
32734
33177
38180
11417
63880
23612
18654
40795
47322
24835
82184
21336
1044
72251
83101
28263
39418
14391
8863
1906
11629
4028
16876
23919
39911
8557
53775
19271
724
35225
8864
2302
29744
10994
2330
36972
7281
63615
7708
33662
47678
21656
14761
523
5689
17181
33241
25373
45487
6379
23564
38011
19482
9899
37819
19537
5878
421
6222
6453
7235
23005
8942
18701
5456
13414
6467
16569
2662
12075
155
2829
22324
16344
9964
47320
14045
5669
252
24454
147
24135
10722
17444
8485
68742
3581
36213
18443
6369
42634
24934
20062
5172
25530
81698
18614
13499
2293
36059
63601
51659
652
41461
17573
1935
41328
8016
10387
17156
16754
14738
4480
7212
45854
20811
78932
24099
28859
13914
17367
70423
15868
698
2914
18569
7007
3265
3827
5304
825
30838
12338
40603
73646
39944
29084
33953
50380
4728
9368
2853
2250
390
6794
2719
695
8889
30329
1274
46924
7168
9318
59456
39133
51308
16403
35252
1059
136
61993
17594
4067
44504
9905
6049
25400
26015
62777
2572
42184
18407
31238
2195
58955
43311
173
5972
41485
50275
26256
65119
81446
6417
25186
4850
9992
46568
11686
32902
20977
17816
10924
10893
6416
2381
53676
46153
23125
2586
6236
1481
4739
835
20
25335
27543
34480
81320
46599
10329
3311
18535
46822
24216
53558
13732
26996
3557
27161
5837
4238
35360
1606
721
82
17451
25552
62100
1674
83987
2841
13360
10734
48910
11375
837
46502
7362
27391
56487
23521
6099
11293
56914
11702
8335
52030
34077
27462
14280
39389
15211
42998
1504
36680
73580
1396
12228
7375
39950
41890
7807
94479
798
2459
30036
27431
230
65124
29587
28094
24258
36715
27185
2168
11071
36923
3079
61535
4870
2253
779
23874
34973
9268
77513
23124
275
374
26572
6119
15271
16453
5705
9047
12067
52782
31974
9504
32052
56959
1716
35760
35636
14768
33574
3195
15998
19569
1267
2059
31424
115
55663
43707
32081
49658
32624
26223
70580
46148
21143
660
23293
6415
81809
21864
46913
14286
33975
8429
51461
1342
14275
3051
56190
14240
56027
1455
5524
71109
53740
66722
28661
1345
15220
13677
99247
40319
9690
18545
42441
15692
33966
32814
19861
4274
2718
12600
17750
41218
35902
34175
9073
59397
3411
4802
13857
12200
67886
13500
14253
2657
18344
2118
1445
12683
12481
26783
55402
1887
7886
3761
46635
13591
15550
41018
2641
4680
65685
34190
58447
1674
15039
13005
52311
10375
2027
10484
2724
5762
7155
72878
46728
19068
14982
30855
68894
4024
13008
11922
80371
26317
17065
24277
12380
33804
402
31440
3873
19704
136
2593
43782
22227
3260
9645
74200
2426
1672
30812
342
537
6945
3413
17685
33593
42693
9308
1542
11481
2150
36032
0
33686
11670
1619
3713
67780
31133
4359
19998
56
34246
31748
2199
167
47151
39153
29612
62717
6002
47576
18871
17962
68195
22908
72936
44227
19652
3620
54809
30365
27481
7868
10
57865
11160
42326
8575
41835
27169
6969
19813
33313
8946
61582
721
30513
65162
35666
26539
81615
53584
29669
7349
63862
30594
265
23677
10057
62707
14534
6094
10061
232
6022
7089
9047
4686
7159
3502
39632
13133
2681
12409
3561
36526
18868
7043
45013
8154
212
2516
27307
6253
4280
51397
9462
37709
15672
39976
3350
5434
6122
40987
16998
20052
42736
40880
52136
4299
19041
1145
20252
1546
12932
7423
1880
31812
4233
77165
25009
8478
37266
86561
58513
1107
19356
48777
39038
14122
17209
30723
12398
4255
27265
15071
67827
11051
3346
3459
961
7195
7546
54781
14140
21059
22753
12960
8544
78852
16376
52222
3924
20287
22771
8926
11438
18436
24608
2092
3425
89922
1984
32913
28380
7699
4107
2491
21558
7895
55802
5483
34993
69558
36286
339
28038
23582
14115
5679
3634
15
23026
45480
79551
42225
4850
71398
1828
45200
15285
17156
5335
47280
24451
19293
32669
6535
9646
18163
9119
53083
19828
16542
63792
27485
42726
47329
33603
3714
1278
9054
35739
3514
23604
38741
16529
18957
23240
21229
35863
8911
44307
24251
3697
37854
24308
22321
58596
36234
23566
4319
15391
58064
18373
30833
22427
25004
3360
49443
5325
195
14261
5564
81125
18314
65459
30598
35861
8570
10272
7311
64879
52652
28319
19
65149
6618
39977
7681
30439
25239
34801
10653
74498
2901
54567
15157
43702
8714
750
122
50189
22452
39310
9182
250
18646
15203
4404
46891
188
77732
63394
1543
16180
5629
1577
69679
16297
23625
25624
20902
329
9557
565
53600
994
76778
19022
60467
76511
17685
41152
8049
50695
2731
21824
10547
479
72323
37879
21071
19640
5410
54965
16501
40385
18125
988
11842
51725
40394
46115
24998
19252
95130
215
5369
52825
2836
949
4608
45579
46724
20905
65507
4798
12551
21495
59131
24285
47929
5763
26377
2289
40863
36910
40870
5977
4324
48179
69402
75033
2059
38002
29046
47636
8828
26982
5481
72684
52757
46799
25687
23839
13199
4981
23600
494
74378
5052
570
78524
57418
25741
11616
721
3924
422
2159
47589
20973
5583
19556
16749
3726
5079
32218
24812
11461
3104
5469
61562
32846
15232
42142
70072
24144
27323
8146
2684
10919
9726
7138
2093
11059
64909
8418
2978
8715
8477
47207
5235
14424
40530
9362
29223
4502
700
3703
1795
2852
65822
37993
59637
1395
40173
5027
29098
37103
64313
30265
6523
2788
19811
10273
2243
7966
2075
1636
811
47741
690
4616
25430
1666
29539
13859
5100
74731
40878
6231
19304
13132
17904
13612
46233
44854
15117
7006
27676
25234
57326
23638
12569
59032
23088
40042
40144
54728
554
36357
46639
5193
3931
70160
25243
30993
21865
13289
13764
22935
62825
6397
11353
2938
24025
1820
63714
19866
25791
33631
29542
2725
17207
47224
11145
29992
31824
1493
36470
19834
16961
11578
48266
23904
16539
3823
2777
1409
6020
1252
43273
7094
55086
49419
564
919
17366
63347
2229
7722
24152
47288
53010
9974
3716
19856
2377
77021
15534
18225
63600
2673
107
33459
14420
87811
287
40852
30735
66341
28303
11299
20634
21700
14992
15584
18
10835
9336
7747
26418
22585
14739
17733
16649
48653
5760
2673
46742
52855
935
9029
2286
65384
27548
44867
14177
17995
29008
52888
3156
10586
107
64165
4127
27079
10174
64789
6301
6136
13949
9095
1715
27632
1140
49185
29986
27947
17466
35770
25970
66570
9221
22075
3817
12366
18870
17615
15548
538
53874
41109
102
68517
8190
975
4234
4534
69463
10270
11677
5333
49538
20259
27044
21475
8294
33187
31407
19618
18638
10537
1515
61011
26816
4491
1333
2032
21761
44413
2398
547
20803
33689
2799
16055
6516
3229
67808
5049
9104
4629
5630
72705
1755
3404
2975
202
16124
38628
408
26607
40771
6739
50566
63070
708
45968
28778
34148
32035
1771
1416
91
47657
9120
10219
2427
13675
16974
619
7894
7914
38456
52990
3828
23518
211
1566
3373
3802
23829
9910
1765
18376
70289
23796
11651
41459
9190
6740
14502
5882
39054
3529
17075
2010
67345
17759
2650
4136
5787
92346
22145
15353
1048
1380
806
22143
18695
14773
95650
33051
36845
1641
4492
93442
70821
1862
1942
46498
31028
9139
18048
27207
48039
9151
5023
12831
46842
2651
4939
21883
4966
19203
8671
21439
51360
33693
35179
65753
7317
18353
7902
8227
2454
2476
5243
809
29202
38847
16791
65059
96183
7731
52528
1584
13917
16705
30251
4372
4342
5780
83894
608
3961
2082
33885
48106
16860
18831
5651
42839
27271
26650
15510
30830
1961
23483
192
4070
14858
10329
57148
39614
22365
62527
7403
5067
29110
22756
46194
5923
60125
37929
4507
43895
17622
48788
6791
27887
26003
33831
46382
22320
7808
51407
29971
44894
7896
3764
66226
15331
3824
12380
9084
34717
19461
1255
28620
35371
27571
49417
2700
48781
9984
19604
58383
8854
11683
2760
16262
63044
18855
83895
84211
6888
19103
1214
13021
3460
24100
38261
11121
46604
40290
41229
1173
11237
71
51564
14681
80802
21996
7471
4905
66521
54994
3272
23413
97
501
6169
47392
15165
2128
7088
73256
24092
42067
1430
19143
794
52357
9868
22208
1233
13762
42147
18446
58315
58368
45098
51488
56799
15525
48844
64505
533
3835
25722
2759
73284
21746
35710
37141
23996
9808
23835
853
7305
24096
4
10630
7227
7509
23498
40370
35381
62428
63201
9719
50186
18070
66
61
40332
19129
1352
73113
19861
1350
15200
65200
6002
2862
27620
489
1853
10381
896
1349
5716
72620
54981
11429
20670
30916
1063
48293
5035
19853
78857
5269
31229
8571
13191
4975
10563
12957
74187
37619
56450
135
69654
9655
56273
1965
44238
21227
20421
73250
63506
26652
35429
36411
3639
34125
54405
2650
32362
28130
2922
22349
11222
90454
560
1940
18400
18439
6772
24259
30882
2667
6535
71715
4578
84012
2489
42583
12725
29381
15867
68723
577
45086
39056
67904
38138
36899
54292
21924
6964
60444
75805
75059
20596
3373
27378
22850
31189
36256
16502
12636
60250
21462
39008
39445
38997
65640
7560
33972
9305
2379
3588
16771
5548
7234
6666
31799
32079
47098
19434
3597
38162
7083
9587
69449
2246
91105
66154
54719
51703
5111
27197
7803
4451
7538
85693
8933
30221
5135
6622
71960
14609
41667
840
51416
30003
5308
53336
5408
108
48430
14841
5971
21
11259
11138
62024
76112
28641
1483
46517
4367
87298
11098
6463
6567
14667
19585
1407
35111
96248
14617
15598
92425
19899
41676
67833
2615
2482
2993
27131
24912
29279
5025
16910
20689
65652
79500
3725
27686
466
29744
39362
38779
2067
6226
3373
2103
32495
20763
26074
5440
20644
21538
9224
4709
51771
11813
11967
55597
12780
31014
3698
14018
84836
81908
22235
43554
2455
45196
27073
47126
13880
29533
50278
2761
44765
1482
84963
2785
16037
71230
6730
3562
2101
5271
3100
83764
61598
1129
30161
6910
17564
32000
12624
23939
10775
55442
21839
55730
16707
23643
12919
3709
12527
17762
34206
30632
40271
787
13190
54646
51631
47472
424
3059
13718
88624
47714
25950
19531
7051
338
51046
65545
13572
13665
14492
22762
9872
28113
4563
2878
31107
14965
25700
45145
1342
50289
81400
19243
1683
9047
88034
36494
46476
535
7730
19868
10617
14615
13994
22353
7502
43810
12324
169
11323
3814
41056
1878
19663
4467
73182
6416
43865
2175
20567
10646
565
12447
1470
14360
8088
2413
1529
37359
37116
50292
70069
14279
4848
10604
3920
13637
1641
2747
86500
8630
566
49641
6230
60532
30955
76213
44103
37672
1272
1007
374
18499
21638
6607
30602
51274
10557
1866
85453
44507
48385
6549
8775
77
451
21625
5399
7100
54325
10508
3423
2006
3080
44970
9347
31744
42607
31450
309
31992
30340
12382
30188
4404
1015
13663
23464
19207
17034
13435
15971
22653
15859
27576
80671
45565
56125
24557
50461
14177
60919
37570
8897
3404
38035
78025
381
44058
24564
11852
56450
38053
4431
40413
47988
13658
75338
15872
32220
17379
2573
19923
25846
34886
3688
14796
21813
27202
4674
59560
9211
37250
11416
42421
10249
22382
57612
443
31397
12213
12142
4586
58044
1264
54803
40347
4819
38821
25300
4079
12031
15296
2509
34213
4884
12838
40927
26891
1577
1601
9234
4123
14984
64029
18454
43190
185
1747
2398
17105
6400
19224
85501
12121
2860
69548
10017
643
25355
2412
43523
63114
23970
45276
23344
7839
12988
3099
969
24968
48412
83884
3436
19268
531
71392
63213
6417
9785
18883
14977
13413
43046
14298
15533
16890
13640
42306
39345
14872
33236
38253
4683
12975
6281
10485
215
5825
12474
57569
35450
5855
17921
10431
628
19144
3567
2734
4219
4340
40909
1399
352
69066
18773
25058
43933
37815
9347
5013
730
38195
25235
12918
35931
22170
70011
21301
8211
14848
57721
21601
8914
3766
51334
40390
20775
37799
20076
11173
1033
41865
33210
2239
105
14242
102
77401
10092
4209
50777
2117
15210
45203
35085
28048
37730
11358
37088
19663
2477
29042
50114
11037
34816
49854
87652
67299
1702
80080
5953
13602
68388
612
2866
38722
49304
8424
81576
55135
65997
7454
6967
20119
57784
21511
12388
18271
2495
21934
23585
24814
3437
1526
49474
18557
334
53316
8862
42509
28442
16831
9600
51674
8488
2569
3602
16532
5770
42640
985
1686
4337
5804
856
1777
67784
46549
63654
397
25
67792
1080
3931
83113
58122
3324
5964
252
8211
1767
3004
1836
7303
4683
32027
51173
10198
28594
58517
16517
10672
72834
78378
614
1143
37199
27648
2497
58578
47298
541
3432
14756
86544
618
21628
34147
40601
66595
98
74219
18676
23873
18260
19324
17453
8985
26984
892
6471
5648
66157
13655
12995
436
4353
18119
3120
12716
20685
29008
44443
4103
45594
5568
21559
13405
470
8509
120
84785
3586
19039
48104
18278
48035
520
7483
7533
7061
21759
12757
34463
31641
73626
10162
29020
42410
3582
34165
2750
87025
49070
51552
18814
41383
1180
6691
25104
59024
36520
26168
3994
170
52375
39278
25610
25705
67438
2107
49355
5277
20261
42452
10151
13681
39349
24216
22520
12910
18282
20694
34634
27395
2464
8308
1689
27701
21198
9393
27055
34497
46161
87514
46319
30961
17475
10124
102
41381
59649
311
13761
3643
782
1532
2755
20923
20679
3075
7958
4043
35727
78727
4310
6758
10797
12560
123
7039
69599
1015
73732
11801
6912
14857
79492
634
4583
5697
7609
44043
1769
543
42160
42880
6689
49514
49738
11746
14853
26392
7630
140
1701
64225
44201
26519
26625
15486
230
18879
18804
21075
6410
18291
42343
3747
29167
34509
6950
1489
14311
11241
120
40189
6657
975
52401
56169
9090
6561
4326
13339
33370
52726
18082
494
27998
89463
9991
29358
32642
859
29016
4871
81620
6699
45093
1081
856
29172
5474
67820
6478
5310
30634
10030
676
9543
5268
38342
22190
10528
35624
45049
3075
14076
26295
49768
8707
76776
24403
31794
28876
1437
40738
13090
8671
20930
63550
29381
11618
28331
1463
57324
33456
12745
1270
3716
6728
1779
923
69824
1819
51507
19969
28646
52403
24231
25730
23598
12108
4980
19452
32328
259
2102
3897
78959
72937
401
29341
33758
11997
39412
13379
1855
5087
61530
8652
1579
20657
11546
68961
50361
22064
8422
2078
16295
32518
5880
8042
95
4446
47639
5126
63
31324
2446
6738
24430
17112
27145
43540
54264
53293
39501
16241
37735
82407
2028
40
32957
66599
167
17110
22051
748
27974
25918
42299
4513
40379
10765
11988
42460
6560
20710
1523
6360
31123
42494
9545
41881
18087
54392
3273
47015
44590
44463
3967
5185
40423
10688
83055
21
17387
91757
35402
19358
64500
60306
10420
10412
10378
37997
21970
18384
49286
21308
5110
2762
29977
20360
7763
1092
28196
44898
17412
3410
128
12165
19989
7427
29206
17830
32058
21835
9384
1058
281
9530
8572
1191
31666
57903
56226
48359
43377
3158
24256
51109
22565
26438
8958
11881
28782
2723
13595
43543
48213
2464
14975
2132
2042
14525
8674
12238
13615
4711
6604
15948
17989
84137
4615
34883
37573
10667
12865
45818
72992
7647
3995
42452
47637
12656
43770
15362
156
51862
6359
817
34880
38062
51643
7225
28282
21088
13235
40680
45755
491
28647
8039
663
34094
5371
18150
82276
51284
36050
13240
42548
33672
15846
15709
7242
6391
1021
42928
2858
43492
7579
10624
37608
16219
4814
32363
476
3660
11033
17079
14318
20714
20178
46087
70010
33806
15270
6187
26694
12423
30681
17316
8835
50001
16383
2773
3421
11727
38954
8316
14971
68204
23808
34133
1764
5170
38809
42211
63379
9318
40821
60302
37106
75356
43481
11186
35248
8562
14875
31556
16676
471
22400
20179
23270
9451
67311
58958
19971
23465
21988
21138
42610
2550
56570
16653
12213
28865
44275
9138
27046
54373
26640
15392
15965
35135
52558
3315
29667
697
2199
18849
1279
24643
4300
17552
16730
66764
54660
547
28871
15463
5684
5696
1440
16231
46059
59037
12724
35199
2071
22588
42484
35544
67656
12734
12799
84818
9580
43319
60690
29291
723
82743
42
86383
35418
3085
7821
50896
1140
2826
25695
6397
5858
24119
7224
20167
58572
765
2986
5768
1043
1340
40990
19830
18452
1319
31897
18044
27348
2430
17760
11008
8964
17563
14301
61798
37282
65265
7396
19573
8250
2274
184
23302
13532
11459
20863
34487
13320
12283
423
16095
7734
34192
8456
16026
29212
27653
10154
13339
397
17986
14526
7866
56672
20883
25106
43543
71782
42988
36554
43440
13354
5089
44878
2340
37269
1127
26870
17402
52075
632
1164
5109
19239
29845
11545
46516
19858
10080
5849
8261
58705
57488
25548
29774
8740
75457
4716
13797
34164
51611
4282
41263
58998
43373
42838
27626
31354
5559
68039
444
23667
23568
38228
13795
4107
5316
36710
95177
4759
2296
17028
11484
804
6240
3411
10557
15525
21835
8836
23206
3078
11021
2596
1871
18684
8739
8585
8286
66083
30562
7230
35122
26932
29290
22571
2334
4035
20383
35492
78060
1036
11022
33249
11467
10636
36236
82929
7343
11203
493
6969
6063
28828
11705
42414
71258
19415
6960
32386
39917
61722
24151
31795
65316
30860
27089
12495
30896
36215
1262
21048
58242
6112
38715
2078
3526
29636
6866
22461
9911
14882
7061
2897
12774
71324
32334
139
13886
23857
7
1254
1425
893
57574
12852
7016
53076
3325
5290
12506
84419
18915
3032
13160
48209
2178
29546
27171
36049
231
9252
37046
3102
13870
48940
34796
63222
31097
30952
10474
65223
62148
80836
1519
2726
50385
40152
45476
11585
3760
1789
11224
4478
4494
60
175
19675
26713
33461
15475
37525
20512
36412
65950
18420
53485
297
12639
23111
113
22549
35457
3217
405
9390
32401
64642
29158
32389
30396
65009
7392
5053
44780
22473
3581
29920
28461
65
11258
19364
64426
12648
13781
19589
8574
4
1587
25068
1482
69697
66026
22479
28450
1068
6840
45272
14193
18
90425
6224
17387
42910
40344
38723
4425
59000
1298
155
23960
60025
7437
55336
38970
735
76486
17537
12106
16528
9919
28427
5981
11458
33833
89356
68443
27695
17421
36788
8340
67215
17656
20632
51266
19751
27464
50419
791
47426
62543
62371
5420
42625
17487
23326
8763
9941
15800
13022
48432
1933
41813
2718
19979
25360
3586
66168
24692
3580
451
18271
45391
38729
7853
12872
9739
53293
29350
53603
2288
1112
13334
726
10449
89486
16811
13
20920
38098
43189
1962
75407
1748
16269
314
40196
2064
8369
20027
7181
6080
54604
33294
958
11653
6228
13121
3015
3853
45342
19334
5389
15542
2396
17236
6509
10481
5041
5220
19439
15243
4231
12013
28788
44508
16338
20773
48604
24768
73672
10670
38119
10257
9678
48094
55357
33062
11645
218
26450
39828
5398
34102
14592
29532
59075
43972
9155
6706
3411
11422
38363
35792
22608
45926
1328
13352
20910
1396
19071
584
1482
1618
53522
12833
9782
16091
2303
12855
5969
3914
1832
28155
55478
53466
32883
6063
1500
40625
178
56847
20562
6396
275
13240
23082
19722
15381
28659
18558
70677
7648
52485
95096
162
2320
24248
9730
31978
51967
19246
55467
4623
1227
42362
52070
44551
46237
20040
76305
17050
232
4746
2312
38767
32774
1231
29397
688
15901
21784
12793
199
43051
28162
1280
11634
14476
25955
53118
1604
8385
33250
11878
2765
41083
1079
43393
9540
38078
29235
59616
62524
83843
300
46806
8268
12569
18127
890
56565
31013
25804
24574
31812
56114
5736
1588
7577
9962
14035
50310
2426
21681
32647
16348
17711
21089
6510
6858
32981
70778
10495
62447
13035
30379
23283
17791
10681
6506
23548
40195
5934
46861
51998
38064
18603
30917
41337
44063
52173
15905
4938
11557
19957
17223
193
1069
2298
19126
15520
43941
2643
61131
18615
6422
9092
899
5048
613
36180
19863
34517
262
8135
94548
60512
70953
19612
15196
59315
39433
27159
127
1325
39627
24862
63833
1211
22349
6508
10575
30284
9262
18412
13034
83689
2754
49518
29580
348
18921
2259
24208
25970
8755
1755
71968
25647
18184
14895
66389
8129
506
428
31540
63391
42580
5413
3895
32656
42385
10074
33985
28095
17637
82572
25637
15678
4666
25334
48786
21319
44932
11269
9415
9063
374
973
11819
7629
18379
788
49685
4034
2837
12955
11663
27028
27977
69506
37766
2552
48265
39827
21387
27295
10288
33260
22545
2736
18703
33086
11031
19483
11120
8603
596
14064
35787
16396
28670
28776
23762
29305
2556
1727
4052
4247
589
32534
13254
63613
7240
4610
29349
600
79170
491
13279
68386
9720
5596
2345
38129
51708
6804
47636
11884
71900
2439
1620
11615
4509
28001
7723
17600
4524
58677
32391
28660
241
9844
31388
12164
11984
17187
11479
61024
2373
18771
12276
3415
5482
55525
3686
2141
18537
7862
28554
20793
8614
2844
7993
20139
882
81146
3089
74292
33697
19022
1411
2993
11293
3400
70187
75617
55104
665
1741
284
1436
140
55941
10093
26944
1403
21166
45457
405
66863
3890
26806
64278
18185
30
5626
2179
566
597
48542
19800
22919
53151
12421
0
11333
22289
11156
822
12084
6823
45466
7356
12990
4716
4442
28362
21151
27509
19504
19259
13344
17332
21067
24604
6326
20125
61446
32992
21907
44383
25271
168
36143
68214
232
69541
949
11336
32953
20873
406
38071
9559
2289
12314
51263
25907
6909
41552
10970
13129
29362
25538
39255
1440
25016
5973
4845
44727
32715
24380
13797
55337
7511
56431
13581
38259
1474
59451
4386
44591
5837
35452
32286
46432
2092
97222
57655
25637
9761
19696
22157
15310
39461
78379
3488
37189
2121
70637
37825
12490
83925
2486
32237
22025
68027
3411
18285
41390
48386
1898
5278
6926
5592
53042
23726
1385
76207
48142
2654
18407
90216
2743
15789
34915
29272
55698
72560
59015
28015
8450
29250
10990
20855
4798
63307
884
6457
15332
75412
69646
61530
839
27557
25674
30382
8239
28421
5578
6492
22501
28864
1932
476
53775
2592
19090
49800
5786
35247
15535
2226
58497
19467
15116
29826
256
57291
47178
27598
63042
35300
34877
1639
87773
45880
7497
4284
4705
5408
6923
3834
77977
18632
78302
70953
4
2155
36318
57393
76825
12579
65607
10787
56266
22034
9107
745
19632
22108
5716
1348
38132
44929
22341
30539
84042
4017
15647
55822
71371
17985
407
72654
7108
88891
17329
2945
2299
5332
9576
21003
277
11736
32818
29153
419
12579
65177
11088
23967
9670
25539
61
401
4097
52386
89520
2140
23009
51965
15625
43454
36875
21736
82213
38190
12844
39481
4390
3242
18624
2857
46090
6661
44140
29226
950
17255
31283
20135
17914
26002
1824
4144
4252
8262
1360
18272
57437
77623
15376
39842
2075
32808
18662
19261
7801
5667
46407
61289
5097
5043
81027
24800
4345
81900
574
61514
28141
7628
2134
4313
3614
51137
8177
387
35490
30107
20482
17663
454
67745
30609
4634
9124
44059
49649
56368
9671
17108
2048
17524
33033
2427
13260
20715
44746
12842
33426
44001
15168
11422
260
33626
80919
32194
2922
5227
5057
33230
20357
1158
32559
7143
43912
18354
30687
68546
20457
3025
16754
11576
20801
47721
13522
74468
3574
61078
1938
1580
13271
49318
4742
757
51637
48473
69196
14653
30413
7828
6564
42578
64057
57737
2022
8693
43
45649
445
11722
4865
35075
2901
2417
44977
20821
13705
45846
28522
2150
25292
2081
2370
15697
23624
30492
61282
82574
790
6881
63203
59809
52036
41770
55
18050
49799
1987
19296
66137
38282
11048
6299
228
11532
12703
31663
55
41522
6474
47368
6599
5749
2580
31977
9460
24813
15942
11514
71400
43850
1854
20197
240
7465
15521
846
68755
10945
42054
61812
47045
51396
57214
30194
5664
2921
20255
1724
20984
42268
20433
4927
30
54605
60163
61644
5640
53175
517
14746
16977
10382
17039
17651
37312
57508
16661
33332
53207
26003
17078
15059
21867
17541
23225
1088
67683
27230
4714
3896
23637
34568
45584
4757
43861
19988
24754
95081
74233
25207
59507
48524
314
3293
1189
70804
12
11724
36885
15928
25702
4821
8157
310
6090
2387
1211
44279
17679
42234
54967
44244
20982
41825
37552
36708
38686
20135
44053
696
12499
45886
13006
16596
2428
31094
36126
66813
53906
92265
38919
16065
28842
26310
7638
10943
9120
1650
87024
46399
8048
9065
9505
49201
3601
26888
1542
92283
29610
5981
37205
3726
35720
39416
28598
3143
4314
14823
19255
22566
1663
25932
46274
4613
35978
17411
2419
59618
3133
70824
9083
15742
54822
1680
70018
27606
16707
13147
26897
877
17358
1
11953
53775
21330
991
53261
8154
58017
48921
19231
18093
9859
4602
7281
21456
1004
23194
52291
22902
31600
19104
64912
14503
52766
30363
58618
3409
9771
19243
14178
46566
17600
3644
6433
50757
5552
69421
24124
1060
30588
15742
31338
25461
60376
8384
4601
5485
73967
20959
6532
3781
86
34748
1847
55328
21715
45936
4117
40355
60912
1600
41301
962
71726
53103
17608
7969
5866
54379
34474
26770
19516
83300
7385
27870
29978
300
16769
30872
41005
51785
43037
73959
65456
47807
2848
4933
16466
43300
50751
18388
17124
36268
99216
1239
12546
35376
38288
12733
25236
11058
24498
48190
67100
4499
60843
6526
14899
19473
18156
40397
47040
44398
54775
5513
2512
25876
21114
4456
43273
2844
30253
84709
91554
5996
85066
40442
24058
44977
1701
14308
54387
1104
41374
55798
26875
93173
15554
77132
15182
44993
25819
79071
33672
220
78556
14540
32064
1365
48218
13393
11978
11995
19936
8993
945
447
3443
1551
24309
20901
75702
72178
943
219
7357
24313
12766
12706
73970
5244
21106
15319
1629
5905
60006
20912
5233
31051
21266
11519
80547
23779
17358
1379
19786
34712
58645
419
36736
11786
27088
20516
446
12839
20254
20122
48455
28392
7437
44402
1498
34747
22366
51547
3996
25207
16195
2093
5489
33920
54088
10127
9157
163
8247
7256
21885
38440
49665
4555
3212
12173
15315
24067
29601
7653
93796
15840
21119
20551
1104
26497
311
14467
2109
37791
36102
28084
12736
14679
70526
13947
19402
58026
50951
28098
16012
12893
819
9937
4667
58339
44100
49630
1640
21387
21863
89962
54308
9325
6411
8002
4668
2247
1709
936
28014
3142
20078
9131
9719
30414
31386
5728
15464
411
12555
35632
50079
93437
5229
48624
53911
291
16078
13183
4999
61681
40734
25022
47995
16492
913
734
33712
19285
8560
45844
10481
2660
48785
12249
1589
42677
4808
17683
53791
36266
10174
27048
4781
3279
699
38751
30342
77614
30939
20511
14756
22339
42784
29665
7841
5034
5285
62752
17371
4347
52028
13269
60715
50867
26793
1187
71252
72613
31691
342
2943
6995
60745
30856
26268
10274
1234
68050
78606
22940
75078
19114
36697
15256
5840
13675
8390
54880
1446
6380
13775
870
3422
16099
5795
71898
6587
12185
384
52518
47976
21758
21201
41821
373
6952
2438
3515
12441
17483
15504
49171
22458
1694
2776
21800
1658
32199
9
38534
18796
3621
1223
7459
29576
30492
8819
24352
12
38151
3834
3295
32641
2175
11131
9328
10348
3205
15864
32511
7171
34203
24534
894
4126
27683
3632
1447
51972
21825
21824
47882
2447
26697
5315
392
8422
8818
29723
65885
11731
8526
22484
5009
11025
2899
44353
28629
10138
9906
60525
1113
18339
23227
12448
1728
8743
6505
1749
41070
2118
6627
50250
7407
9617
5787
10620
33404
12756
5799
678
30459
32352
7664
4420
2840
40844
46032
67390
15408
15740
55993
56131
15658
44169
13618
27637
17313
18718
422
18277
80648
13240
25666
12129
4334
9374
1104
20275
53879
332
8751
15179
61651
5009
9867
702
32561
4984
12060
47029
8704
6877
7114
262
16432
59090
4656
76612
18166
53625
16276
3127
24583
54721
46805
26808
2406
29606
18260
11581
74260
6118
20219
2239
18082
4577
18993
10162
119
34088
1075
23970
18439
51788
59303
4579
52425
71259
79210
16169
8159
10062
14970
14996
17179
18210
18474
27944
3988
9391
25412
1356
27232
61
13220
56065
76762
50694
65857
2276
27349
24215
94
13413
80386
38248
37375
17443
1262
3803
65976
49761
6258
8787
46613
23522
43034
15450
18128
22008
2029
10063
68060
3654
45593
20783
4627
6347
29300
32
4072
41760
37186
3575
5036
17034
21582
68703
8072
56
71877
87501
52050
71277
3918
38498
9026
18509
4929
1461
29249
22440
13306
13049
12623
20624
21077
13051
15413
16040
67455
3424
12663
72664
3810
10383
13303
1589
20338
33963
1971
8553
2706
26889
16105
36818
64203
11550
32895
904
149
730
25255
46942
67313
16049
5727
1387
83193
29208
1157
2235
68847
71816
467
42883
15880
64299
2766
5727
9058
36215
28346
22560
54094
8032
65935
47056
5345
16288
3396
93678
12655
5779
20730
27162
31281
71250
10291
88338
1389
29020
8240
39578
5437
15307
80406
101
6937
54134
8882
46184
6403
30260
41147
3424
81384
53890
40705
5590
13560
39861
57529
9515
4424
28495
50366
7601
2
3174
10296
6568
2666
1476
4402
3773
168
55757
536
1492
10057
80229
23477
4103
41709
19783
26491
49600
26535
14276
1205
40517
4014
4914
7888
7545
6802
21103
9833
697
17472
52751
34970
52840
17105
52031
24141
8358
12684
9639
616
13914
44536
9430
19724
9346
10996
44954
29112
11696
13855
57253
3513
8452
8181
746
22026
47953
13048
760
15552
36046
25882
31368
14236
2810
